850 1000
10
193
472
559
561
593
602
642
663
781
1064
1432
1455
1459
1600
1623
1680
1792
1881
1920
2349
2659
2925
2957
3149
3325
3381
3392
3420
3486
3521
3543
3727
3875
3942
4208
4212
4666
4846
4857
4882
4885
4986
4990
5087
5088
5104
5404
5462
5502
5620
5648
5816
5875
5968
5977
6341
6716
6738
6745
6809
6871
6889
6895
7319
7366
7391
7461
7511
7696
7789
7828
7850
7851
7865
8059
8085
8157
8195
8382
8429
8535
8720
8738
8933
8994
9193
9251
9274
9275
9403
9461
9508
9567
9600
9627
9666
9752
9947
9985
10019
10022
10150
10233
10299
10402
10469
10750
10891
11044
11090
11098
11159
11207
11218
11332
11461
11572
11668
11671
11751
11802
11841
11865
12096
12365
12573
12584
12835
13063
13163
13251
13465
13536
13568
13588
13622
13720
13721
13874
13972
14090
14185
14260
14395
14485
14542
14790
14806
14827
14981
15057
15146
15148
15161
15230
15320
15534
15539
15688
15794
15813
15940
16070
16072
16084
16292
16776
16918
16946
16948
17030
17301
17335
17339
17383
17541
17605
17632
17718
18101
18245
18317
18339
18401
18429
18450
18614
18626
18677
18828
19210
19313
19378
19563
19606
19756
19996
20110
20470
20592
20739
20983
21182
21612
21622
21835
21934
21969
22272
22316
22332
22393
22401
22409
22416
22418
22834
22857
22877
22902
22992
23251
23382
23745
23909
24059
24139
24181
24358
24458
24759
24844
24918
25134
25194
25260
25532
25565
25691
25852
25943
26076
26084
26189
26415
26491
26607
26659
26716
26723
26826
26911
27002
27262
27275
27389
27666
27674
28234
28306
28341
28492
28525
28530
28715
28790
28854
28919
28931
29065
29093
29300
29563
29624
29755
29833
30090
30128
30173
30546
30734
30917
31034
31133
31175
31184
31298
31381
31410
31450
31487
31693
31985
32173
32251
32274
32305
32429
32605
32642
33515
33603
33663
33758
34179
34182
34183
34211
34321
34333
34536
34665
34779
35025
35424
35612
35656
35690
35746
35801
36054
36357
36464
36688
37038
37102
37159
37233
37346
37458
37630
37670
37800
37829
37991
38470
38485
38502
38506
38541
38784
38873
38935
38941
38943
38955
38977
39010
39178
39214
39362
39425
39446
39535
39552
39703
39944
40077
40119
40394
40475
40509
40621
40713
40721
40752
40992
41340
41452
41485
41596
41877
41950
42095
42147
42368
42417
42525
42977
43103
43766
43794
43864
43921
44363
44448
44497
44645
44884
44952
45009
45051
45063
45278
45280
45354
45384
45504
45510
46017
46073
46132
46141
46211
46396
46399
46531
46600
46938
46990
47001
47079
47133
47287
47341
47438
47674
47739
47772
47827
48069
48182
48291
48371
48411
48500
48804
48870
49016
49084
49186
49188
49416
49572
49715
50009
50037
50175
50270
50299
50340
50362
50508
50703
50931
50979
51086
51548
51658
51723
51799
52016
52090
52186
52483
52640
52784
53061
53154
53194
53257
53677
53709
53981
53983
54014
54242
54351
54364
54384
54503
54566
54634
54664
55132
55334
55679
55682
55748
55900
56017
56054
56192
56238
56291
56355
56359
56388
56668
56708
56832
56856
56941
57027
57076
57134
57201
57425
57556
57604
57707
57714
57771
58252
58355
58653
58687
58706
58966
59289
59339
59381
59413
59572
59876
59983
59995
60262
60304
60385
60431
60500
60676
60699
60969
61260
61308
61311
61405
61447
61566
61700
62130
62466
62502
62799
62831
63031
63069
63425
63436
63561
63592
63661
63772
63819
63907
63975
63984
64087
64139
64147
64291
64420
64443
64538
64671
64816
64833
65220
65309
65376
65706
65809
65854
65866
65876
65912
66055
66117
66420
66485
66988
67069
67117
67193
67204
67412
67415
67476
67519
67677
67718
68238
68314
68396
68437
68451
68690
68798
68909
68980
69320
69355
69516
69549
70007
70103
70124
70229
70256
70520
70758
70868
70885
71111
71113
71163
71166
71212
71242
71388
71463
71501
71766
71922
72140
72269
72423
72486
72551
72585
72645
72759
72800
72837
72886
72932
72951
72957
73113
73114
73294
73334
73420
73517
73659
73667
74213
74300
74303
74388
74424
74598
74733
74738
74920
74938
74943
74974
75169
75296
75506
75718
75731
75751
75894
75919
76331
76826
77008
77201
77491
77625
77741
77867
77929
77997
78064
78089
78224
78644
78764
78884
78890
79038
79098
79165
79290
79306
79418
79455
79468
79487
79739
79784
80148
80174
80182
80307
80385
80548
80725
80790
80889
80891
80973
80988
81386
81473
81497
81711
81784
81858
82370
82695
82705
82799
82967
83092
83105
83215
83376
83582
83666
83761
83777
83783
84053
84194
84198
84450
84527
84557
84635
84649
84656
84688
84738
84982
85050
85278
85597
85822
85963
86143
86178
86181
86310
86569
86634
86648
86768
86785
86902
87174
87370
87525
87675
87729
88182
88258
88399
88471
88568
88627
88688
88761
88803
88901
89145
89169
89285
89500
89512
89629
90290
90447
90500
90769
90879
90911
90930
91056
91173
91179
91398
91417
91612
91626
91649
91781
92115
92211
92293
92484
92821
92860
92874
92888
93065
93113
93123
93182
93430
93460
93472
93787
93828
93961
94101
94317
94463
94477
94551
94597
94619
94848
94853
95097
95102
95221
95222
95296
95380
95614
95694
95835
95854
95968
96062
96257
96296
96312
96334
96461
96572
96684
97150
97525
97597
97862
97998
98048
98454
98530
98574
98883
98895
99038
99199
99331
99588
99715
99763
99789
99882
99888
99976
1
161
344
374
563
729
828
856
860
961
981
1186
1248
1481
1785
1881
1899
2189
2205
2395
2515
2952
3039
3083
3094
3112
3189
3260
3261
3303
3500
3854
3904
3940
4133
4168
4197
4298
4466
4502
4589
4691
4704
4844
5053
5073
5157
5325
5364
5383
5790
5825
6175
6398
6625
6691
6760
6766
6828
6831
7093
7107
7300
7378
7415
7485
7488
7675
7762
7777
7862
7932
8050
8233
8311
8359
8394
8403
8421
8423
8431
9017
9039
9167
9307
9317
9349
9458
9550
9601
9855
9966
10014
10097
10140
10257
10421
10600
10709
10795
10814
10907
10937
11021
11030
11178
11338
11380
11471
11755
11759
11807
11951
12052
12153
12220
12289
12309
12396
12483
12484
12521
12631
12661
13048
13344
13495
13717
13837
13860
14005
14020
14188
14386
14468
14536
14542
14740
14844
14935
14983
14986
15174
15219
15309
15408
15445
15484
15616
15829
15936
16190
16336
16522
16607
16688
16760
16763
16901
16930
16949
16972
17113
17243
17327
17577
17643
17997
18222
18267
18277
18350
18356
18474
18809
18867
18977
19016
19044
19203
19220
19225
19269
19382
19477
19498
19520
19550
19556
19578
19599
19627
19711
19720
19760
19773
19780
19909
19914
20024
20195
20297
20301
20584
20652
21087
21147
21250
21295
21331
21590
21723
21908
22031
22042
22093
22120
22341
22362
22501
22571
22593
22633
22654
22859
22886
22978
22986
23066
23212
23424
23454
23639
23790
24043
24060
24080
24146
24158
24197
24208
24365
24391
24489
24735
24857
25042
25293
25354
25428
25469
25497
25612
25707
25767
25926
25974
26133
26219
26293
26364
26366
26377
26484
26583
26847
26976
27090
27120
27308
27362
27547
27553
27591
27677
27993
27995
28034
28079
28116
28225
28386
28514
28633
28802
28826
28971
29037
29155
29217
29290
29538
29561
29655
30030
30391
30550
30712
31134
31163
31225
31235
31339
31425
31450
31536
31553
31560
31645
31678
31995
32029
32496
32504
32506
32582
32587
32677
32679
32700
32701
32743
32797
32950
33213
33251
33258
33270
33434
33456
33504
33537
33981
34024
34280
34307
34407
34441
34499
34534
34654
34660
34698
35039
35071
35335
35416
35431
35650
35901
35915
36102
36241
36301
36488
36637
36658
36716
36723
36739
36840
36861
36881
36888
36891
36966
37040
37103
37154
37209
37284
37294
37540
37674
37746
37942
38378
38546
38627
38631
38632
38697
38771
38789
38956
38989
39087
39243
39329
39418
39552
39678
39818
40034
40044
40303
40430
40443
40476
40515
40616
40769
40910
41331
41396
41508
41897
42103
42135
42306
42395
42509
42540
43129
43263
43341
43344
43645
43730
43913
44064
44071
44085
44183
44336
44528
44630
44687
44773
44788
44799
44831
44951
44995
45119
45149
45309
45417
45483
45684
45874
45883
46003
46037
46109
46251
46307
46325
46353
46420
46430
46538
46587
46784
46790
47088
47168
47330
47382
47600
47749
47810
47905
47931
48026
48028
48308
48369
48654
48884
49016
49055
49064
49096
49306
49320
49335
49530
49820
49826
50146
50165
50270
50632
50649
50718
50798
50905
51101
51386
51459
51631
51896
51957
52005
52104
52278
52393
52481
52650
52761
52791
52974
53023
53081
53114
53151
53386
53479
53486
53491
53528
53649
53945
54039
54225
54268
54356
54426
54431
54537
54635
54718
55045
55150
55173
55340
55456
55475
55481
55485
55709
55728
55873
55930
55947
55956
56047
56206
56238
56251
56365
56398
56460
56678
56734
56810
56895
56913
56943
57037
57059
57061
57071
57113
57510
57663
57747
57801
57871
58025
58053
58081
58145
58400
58485
58618
58620
58711
58738
58756
58762
58927
59033
59131
59382
59456
59733
59898
59995
60131
60144
60165
60190
60515
60527
60739
60741
60856
60881
61056
61167
61215
61484
61705
61735
61748
61814
61865
62041
62080
62109
62315
62467
62676
62766
62850
63070
63109
63150
63200
63271
63292
63358
63467
63504
63608
63664
63707
63783
63998
64145
64517
64519
65017
65051
65077
65156
65178
65251
65371
65414
65435
65465
65540
65627
65731
65851
65905
65968
66050
66083
66248
66279
66295
66382
66385
66497
66566
66605
66651
66666
66896
66906
67026
67125
67183
67416
67450
67484
67493
67539
67632
67702
67715
67785
67912
68186
68259
68472
68570
68592
68627
68645
69004
69024
69128
69181
69465
69483
69499
69512
69639
69681
69776
69796
69887
69915
69983
70003
70063
70218
70398
70636
71056
71383
71711
71760
71837
72278
72294
72413
72517
72548
72654
72670
72671
72716
72751
73084
73212
73439
73558
73702
73718
73737
73763
73789
73816
73828
73940
73965
73974
74237
74308
74331
74379
74461
74578
74683
74759
74761
74805
74845
74852
74955
74957
75036
75046
75122
75314
75411
75483
75591
75699
75815
75834
75872
75896
75927
75987
76091
76122
76216
76244
76250
76262
76295
76364
76384
76560
76778
76925
76990
77191
77218
77282
77304
77402
77474
77592
77757
77759
77937
77952
78062
78182
78186
78265
78339
78376
78478
78582
78615
78660
78723
78824
79490
79586
79694
79778
79940
79967
79993
80034
80046
80164
80178
80260
80275
80291
80332
80459
80502
80578
80680
80681
80689
80860
81118
81251
81253
81403
81427
81451
81474
81653
81679
81765
81967
81969
82024
82051
82112
82216
82361
82412
82527
82540
82565
82734
82806
82989
83072
83169
83395
83526
83549
83658
83793
84000
84096
84130
84157
84337
84358
84361
84455
84541
84629
85099
85172
85314
85370
85455
85588
85823
85841
85884
85915
86012
86023
86046
86053
86183
86423
86599
86617
86698
87034
87162
87296
87363
87430
87507
87560
87592
87634
87646
87688
87963
87993
88019
88074
88179
88225
88329
88569
88570
88668
89313
89642
89704
89765
90091
90103
90153
90172
90220
90256
90510
90571
90665
90768
90795
90852
90937
91019
91268
91427
91506
91533
91560
91606
91614
91615
91686
91740
91932
91948
91980
92397
92482
92711
92717
92830
93007
93034
93147
93207
93233
93292
93404
93919
93980
94098
94100
94116
94556
94632
94664
94673
94696
94854
94933
95044
95053
95082
95152
95244
95307
95442
95454
95574
95600
95752
95984
96008
96072
96289
96358
96485
96638
96820
96874
96910
96936
96989
97120
97128
97188
97539
97542
97783
97790
97896
97942
98019
98231
98248
98394
98553
98631
98680
98728
98773
98793
98994
99012
99024
99142
99380
99385
99422
99454
99476
99478
99556
99819
100000